%YAML:1.0
---
model_type: KANNALA_BRANDT
camera_name: KANNALA_BRANDT
image_width: 640
image_height: 400
projection_parameters:
   k2: 4.9587704430072665e-01
   k3: 4.4089885225967407e-01
   k4: -9.3317726637036769e-01
   k5: 4.1871064794942553e-01
   mu: 2.0112654975157875e+02
   mv: 2.0144353762572138e+02
   u0: 3.1399631211815284e+02
   v0: 1.8171181257617181e+02
