%YAML:1.0
---
model_type: KANNALA_BRANDT
camera_name: KANNALA_BRANDT
image_width: 640
image_height: 400
projection_parameters:
   k2: 4.9972342319338209e-01
   k3: 4.3314206872885375e-01
   k4: -9.2064699153680563e-01
   k5: 4.1211925379358533e-01
   mu: 2.0077513040612871e+02
   mv: 2.0099851605062454e+02
   u0: 3.1079403134153824e+02
   v0: 2.1225649273618896e+02

