%YAML:1.0
---
transform:
   q_x: 9.1840407626830824e-04
   q_y: 5.8939720297688201e-03
   q_z: -1.7085449261340199e-04
   q_w: 9.9998219405967803e-01
   t_x: -8.0010468788002748e-02
   t_y: -3.3207706050476077e-04
   t_z: 5.9081842100015467e-04
